186
910
1096
1113
1327
1345
1398
1707
1758
2082
2092
2671
2817
3334
3672
4045
4047
4118
4346
4433
4468
4475
4977
5247
5410
5458
5557
5561
5659
5681
5813
5925
6584
6955
7019
7097
7306
7322
7412
7487
7805
7976
8411
8668
8748
8764
8807
9141
9314
9365
9468
9585
9636
9658
9773
10063
10419
10482
10612
10736
11029
11096
11725
11855
11928
12382
12778
12847
13512
13750
13792
13890
14129
14437
14480
14902
15062
15132
15310
15405
15440
15637
15762
15874
16056
16151
16364
16733
17095
17379
17599
17711
18160
18191
18238
18506
18545
18674
18856
19294
19775
19779
20095
20382
20530
20558
20591
21004
21127
21432
22255
22335
22627
22921
22944
23536
24426
24438
24467
24867
24905
24907
25427
25453
25482
25542
26186
26196
26532
26749
26826
26876
26933
27215
27467
27551
27583
27656
27712
27828
28142
28193
28421
28522
28990
29052
29152
29428
29606
30113
30174
30223
30353
30629
30688
30822
31003
31264
31490
31774
31913
31999
32112
32274
32370
32557
33094
33333
34008
34150
34195
34917
35026
35420
35534
35592
35614
35973
36148
36210
36226
36333
36847
37191
37197
37245
37407
37433
37517
37562
37638
37641
38256
38262
38323
38332
38574
38697
38739
38795
39462
39546
39749
39940
40032
40805
42034
42261
42589
42760
43093
43237
43353
43456
43748
43884
44016
44071
44175
44184
44299
44363
45004
45119
45658
45664
46696
46732
47128
47326
47859
48038
48052
48139
48364
48378
48394
48592
49021
49086
49118
49247
49454
49593
49634
50093
50269
50337
50340
50503
50653
50680
50923
51299
51387
51788
51800
51809
51835
51886
51978
52554
52639
52799
53051
53146
53254
53324
53671
54050
54283
54674
54727
54865
54876
55092
55331
55403
55410
55509
55833
55901
56442
57026
57268
58365
58528
58757
58857
59660
59884
60148
60437
60444
60520
60633
60711
60945
61068
61144
61322
61471
61633
61667
62150
62183
62359
62692
62725
62953
63021
63160
63293
63387
63444
63457
63816
63924
64125
64139
64411
64504
64509
64766
65124
65139
65407
65763
66092
66371
66418
66550
66760
66789
67204
67211
67220
67359
67619
67696
67970
68019
68207
68249
68279
68497
68691
68781
68847
69415
69752
70097
70867
70918
71070
71146
71396
71409
71430
71497
72147
72167
72404
72893
72951
73090
73300
73318
73405
73526
73765
73886
74156
74261
74606
74649
75246
75504
75760
75875
76121
76403
76437
76495
76566
76614
76859
76868
76990
77504
78106
78452
78453
78556
78632
78765
78923
79138
79177
79607
79723
79923
80240
80265
80425
80663
81269
81351
81442
81493
81652
81791
82112
82195
82608
82744
82940
83130
83501
83871
84102
84266
84311
84484
85778
85800
85832
